1481443072.574019694 0.119432 0.119432 1.94626 0 0 0 1
1481443072.623800656 0.226084 0.00393579 1.88345 0 0 0 1
1481443072.698366004 0.0703031 -0.141118 1.80458 0 0 0 1
1481443072.748471939 -0.193545 0.128816 1.67098 0 0 0 1
1481443072.848513340 -0.0943109 0.218033 1.63926 0 0 0 1
1481443072.898414188 0.0840636 0.0325269 1.55917 0 0 0 1
1481443072.973555761 0.0792683 0.0278118 1.55714 0 0 0 1
1481443073.023986798 -0.0472529 0.149933 1.50343 0 0 0 1
1481443073.123599567 -0.0853529 0.114299 1.5141 0 0 0 1
1481443073.173576277 0.0238459 0.00407551 1.46936 0 0 0 1
1481443073.248415031 0.0774624 0.0573415 1.49098 0 0 0 1
1481443073.298595624 -0.0197463 0.150292 1.45178 0 0 0 1
1481443073.398532175 -0.0798895 0.0935355 1.46775 0 0 0 1
1481443073.448633001 0.0104644 0.00278128 1.43203 0 0 0 1
1481443073.523487231 0.0812368 0.0733731 1.45981 0 0 0 1
1481443073.573805692 0.0195468 0.131968 1.43559 0 0 0 1
1481443073.674152842 -0.0567591 0.05854 1.4557 0 0 0 1
1481443073.723691411 0.001199 0.000548063 1.43284 0 0 0 1
1481443073.798485262 0.0491342 0.0484728 1.45174 0 0 0 1
1481443073.848462489 -0.0369669 0.131818 1.4178 0 0 0 1
1481443073.948601646 -0.0634434 0.114691 1.42469 0.0143985 -0.00339896 0.974181 0.225281
1481443073.998317390 0.0203351 0.0311669 1.39509 -0.0129428 0.00327941 -0.873469 0.486697
1481443074.073487522 0.0722736 0.0925996 1.41796 -0.0148851 0.00373582 -0.999065 0.0404083
1481443074.125557957 0.0029252 0.159162 1.3935 0.0137322 -0.00326697 0.93281 0.360092
1481443074.224425014 -0.0307994 0.130747 1.40347 0.0132189 -0.00319246 0.900075 0.435523
1481443074.275047120 0.039405 0.056353 1.37747 0.0131663 -0.00316071 0.893894 0.448073
1481443074.352662491 0.0540811 0.0668052 1.38312 0.0130981 -0.00316766 0.892988 0.449879
1481443074.399550613 0.0163493 0.1038 1.36978 0.0130781 -0.00316514 0.892801 0.450251
1481443074.499456835 -0.0261562 0.0647039 1.38229 0.0130301 -0.00317071 0.892867 0.450122
1481443074.552045310 0.00502909 0.0307413 1.37143 0.0129755 -0.00319473 0.89286 0.450137
1481443074.663774310 0.049145 0.0732278 1.39084 0.0129385 -0.00313912 0.892904 0.450049
1481443074.674638432 -0.0115594 0.133986 1.36835 0.0129473 -0.00308586 0.892917 0.450024
1481443074.779870090 -0.0815157 0.0708103 1.38711 0.0128997 -0.00319992 0.892791 0.450274
1481443074.835220213 -0.0149999 0.000638271 1.36335 0.0128728 -0.00319987 0.892775 0.450307
1481443074.901306037 0.0841247 0.0962286 1.40018 0.0128811 -0.00323802 0.892914 0.450032
1481443074.968729259 0.041948 0.141511 1.38573 0.0128084 -0.00324088 0.893093 0.449678
1481443075.050095536 -0.0272054 0.0771897 1.40421 0.0129473 -0.00306943 0.893372 0.449121
1481443075.098256217 0.0151974 0.0300541 1.38848 0.0130218 -0.00285159 0.893065 0.44973
1481443075.174604519 0.0826768 0.0951556 1.41471 0.0133056 -0.00239069 0.891903 0.452024
1481443075.223388099 -0.0082503 0.184647 1.38108 0.0135078 -0.00216538 0.891318 0.453171
1481443075.324388549 -0.0654429 0.136068 1.39638 0.0144418 -0.00158498 0.890628 0.4545
1481443075.373676611 0.0222755 0.043135 1.36413 0.0146417 -0.00148339 0.890706 0.454342
1481443075.448803131 0.0744619 0.0902759 1.38309 0.0150819 -0.00100183 0.891317 0.453128
1481443075.498310939 0.000539744 0.163107 1.35654 0.0150928 -0.000965538 0.891575 0.452621
1481443075.598584458 -0.0316786 0.13679 1.36576 0.0156533 -0.000587534 0.891498 0.452755
1481443075.650120350 0.0173174 0.0843142 1.34848 0.0157834 -0.000800687 0.890967 0.453792
1481443075.724100373 0.0807923 0.146032 1.37211 0.0159105 -0.000779535 0.89034 0.455018
1481443075.773570844 0.0114965 0.213763 1.34763 0.0160315 -0.00073849 0.890109 0.455465
1481443075.873460804 -0.0485748 0.16162 1.36335 0.016517 -0.000325389 0.889996 0.45567
1481443075.924335590 -0.00438932 0.112387 1.34775 0.0162883 -0.000601559 0.889992 0.455685
1481443075.998650534 0.0868831 0.204354 1.38162 0.0165304 -0.000395461 0.890522 0.454639
1481443076.048988316 0.0249752 0.265539 1.35965 0.0168632 -0.000438976 0.890731 0.454217
1481443076.148840270 -0.00421229 0.242016 1.36841 0.0171867 -0.000546197 0.890963 0.45375
1481443076.198240645 0.0242523 0.209568 1.35852 0.0171159 -0.000813014 0.891156 0.453374
1481443076.273379911 0.0881353 0.27537 1.38293 0.017177 -0.000887792 0.89135 0.452989
1481443076.323658205 0.0106166 0.347298 1.35526 0.0172757 -0.000785279 0.891233 0.453217
1481443076.424391487 -0.0196433 0.324649 1.36391 0.016612 -0.000980047 0.891042 0.453617
1481443076.473310709 0.0444866 0.252325 1.34092 0.0164765 -0.000822202 0.890995 0.453714
1481443076.549552820 0.117766 0.326289 1.36757 0.015862 -0.00127572 0.891213 0.453306
1481443076.598555373 0.0238485 0.410837 1.33464 0.0154182 -0.00138665 0.8911 0.453543
1481443076.698553463 -0.037977 0.361918 1.3502 0.0146318 -0.00152529 0.889722 0.456265
1481443076.748448284 0.0137942 0.30113 1.33198 0.0146566 -0.00176922 0.889449 0.456795
1481443076.823792800 0.141839 0.437833 1.37846 0.0144394 -0.00208888 0.888852 0.457962
1481443076.873440114 0.0468877 0.522266 1.3451 0.0144857 -0.00197041 0.88855 0.458547
1481443076.976434163 -0.00647813 0.482416 1.35929 0.0149312 -0.00195001 0.88843 0.458766
1481443077.023420819 0.044562 0.420181 1.34099 0.0149282 -0.00188856 0.888426 0.458774
1481443077.099512283 0.119212 0.500337 1.36828 0.0152565 -0.00215872 0.888273 0.459057
1481443077.148349913 0.0535075 0.557082 1.34543 0.0147975 -0.00214301 0.888039 0.459526
1481443077.248498032 0.0249193 0.536803 1.35359 0.0144341 -0.00354888 0.888043 0.459519
1481443077.299056200 0.0421697 0.514647 1.34783 0.0144677 -0.00371497 0.887845 0.459901
1481443077.373631139 0.11575 0.598207 1.37556 0.014302 -0.00392559 0.888141 0.459332
1481443077.425380690 0.0131787 0.681336 1.3393 0.0142189 -0.00436517 0.888131 0.45935
1481443077.524444116 -0.0133599 0.665395 1.34635 0.0139996 -0.00532365 0.888139 0.45933
1481443077.573494680 0.00833158 0.6375 1.33907 0.0140358 -0.00568034 0.888196 0.459214
1481443077.649206587 0.0820473 0.724925 1.36685 0.0138616 -0.0061206 0.888022 0.459552
1481443077.710661810 0.0215642 0.773624 1.34613 0.0136135 -0.00648371 0.887975 0.459644
1481443077.798641137 0.0203658 0.774104 1.34701 0.0137397 -0.00658003 0.887607 0.460349
1481443077.848429593 0.0699812 0.711117 1.3294 0.0136529 -0.00674204 0.887563 0.460435
1481443077.923920721 0.114022 0.760671 1.34555 0.0135641 -0.00700492 0.88778 0.460015
1481443077.974063514 0.0266718 0.825792 1.31558 0.0135863 -0.0068487 0.888242 0.459125
1481443078.073745807 -0.00568293 0.805881 1.32471 0.0132605 -0.00656751 0.888514 0.45861
1481443078.123800879 0.0270271 0.762653 1.31378 0.0130111 -0.00632237 0.888715 0.458231
1481443078.199311734 0.102287 0.853543 1.34105 0.0129834 -0.00645296 0.888784 0.458097
1481443078.251229721 0.050927 0.893244 1.32379 0.0129596 -0.00639236 0.88883 0.458009
1481443078.348547910 0.00573858 0.863152 1.33618 0.0122517 -0.00582468 0.88884 0.458016
1481443078.398998974 0.0230802 0.838082 1.33058 0.0122365 -0.00622788 0.888984 0.457733
1481443078.473702217 0.0962422 0.929533 1.35789 0.0120959 -0.00650695 0.889522 0.456685
1481443078.523662259 0.0388341 0.971995 1.33813 0.0121375 -0.00600351 0.889714 0.456318
1481443078.624588876 -0.0587725 0.907451 1.3629 0.0115441 -0.00634074 0.889718 0.45632
1481443078.673392142 -0.0350822 0.871634 1.35476 0.0113714 -0.00625709 0.889868 0.456033
1481443078.748930022 0.0960772 1.04093 1.4048 0.0111556 -0.00675378 0.889998 0.455777
1481443078.798802878 0.045295 1.08041 1.38665 0.0113156 -0.00684759 0.890196 0.455385
1481443078.898674493 -0.0344197 1.0308 1.40826 0.011576 -0.00646738 0.890178 0.455419
1481443078.952922094 -0.0156616 1.00114 1.40175 0.0118638 -0.0063283 0.890367 0.455046
1481443079.023482932 0.0521462 1.0904 1.42884 0.0120387 -0.00619178 0.890392 0.454994
1481443079.074312469 0.00647955 1.12282 1.41198 0.0120851 -0.00578642 0.890546 0.454695
1481443079.177318447 -0.0314229 1.10077 1.42394 0.012299 -0.00536844 0.890528 0.45473
1481443079.224655007 0.0127955 1.03868 1.40744 0.0120926 -0.00578653 0.89031 0.455158
1481443079.305161206 0.0848755 1.13177 1.43604 0.0117566 -0.00611627 0.889599 0.45655
1481443079.351775981 -0.0238314 1.20156 1.39496 0.011714 -0.00627423 0.889287 0.457156
1481443079.450143969 -0.0604003 1.18365 1.40489 0.0115637 -0.00689754 0.889165 0.457389
1481443079.499469410 0.0117059 1.083 1.37831 0.0115005 -0.00725202 0.889138 0.457437
1481443079.573603658 0.0876913 1.18006 1.40683 0.0117696 -0.00722464 0.889294 0.457127
1481443079.623891695 0.0372994 1.21385 1.38872 0.0118163 -0.00724257 0.88936 0.456998
1481443079.726287182 0.0163651 1.20307 1.39619 0.0123804 -0.00728665 0.888985 0.457711
1481443079.773298364 0.0719808 1.12343 1.37552 0.0123383 -0.00720293 0.889063 0.457563
1481443079.849695762 0.130181 1.19705 1.39732 0.0125678 -0.00714555 0.889326 0.457044
1481443079.898995569 0.0831983 1.22718 1.38085 0.0126798 -0.0070357 0.889546 0.456615
1481443079.999726564 0.0357558 1.20012 1.3949 0.0129555 -0.00681855 0.890877 0.454008
1481443080.049548743 0.0647923 1.1561 1.38436 0.0130824 -0.00689842 0.89165 0.452483
1481443080.125529984 0.135952 1.25 1.41178 0.0131148 -0.00703577 0.892407 0.450986
1481443080.173329664 0.113602 1.2663 1.40424 0.0130551 -0.00684531 0.892697 0.450417
1481443080.273403394 0.0856467 1.25044 1.41408 0.0129615 -0.00671461 0.89363 0.448567
1481443080.323968964 0.162968 1.13589 1.38394 0.013143 -0.00678856 0.89407 0.447683
1481443080.399856437 0.24257 1.23368 1.41254 0.0133596 -0.00697262 0.894628 0.446557
1481443080.448358002 0.183531 1.26989 1.39204 0.0133056 -0.00708959 0.895097 0.445616
1481443080.548741987 0.15947 1.25727 1.40057 0.0133427 -0.00702552 0.896147 0.4435
1481443080.600062869 0.235576 1.14164 1.37055 0.013233 -0.00684615 0.896652 0.442485
1481443080.674573757 0.32699 1.2526 1.40237 0.0138599 -0.00681413 0.896997 0.441767
1481443080.723220530 0.311862 1.26507 1.39783 0.0136445 -0.00643445 0.897209 0.441349
1481443080.823525434 0.273278 1.2409 1.41122 0.0138258 -0.00679095 0.897203 0.44135
1481443080.873317955 0.333844 1.14415 1.38617 0.0137969 -0.00667517 0.89731 0.441135
1481443080.948586740 0.423977 1.25115 1.41739 0.0142794 -0.00715639 0.897373 0.440983
1481443081.000433223 0.410851 1.26222 1.41371 0.0139149 -0.00697796 0.897624 0.440487
1481443081.101537910 0.375982 1.23934 1.4266 0.0137652 -0.00790016 0.897803 0.44011
1481443081.148396866 0.413209 1.17664 1.4104 0.0136252 -0.00842565 0.897885 0.439939
1481443081.223695730 0.496047 1.27481 1.43949 0.0138351 -0.00862613 0.897989 0.439717
1481443081.273508081 0.475034 1.2892 1.43313 0.0139867 -0.00833196 0.898115 0.439458
1481443081.373722082 0.493569 1.30241 1.42967 0.0143181 -0.00883631 0.898373 0.438911
1481443081.423019642 0.556898 1.19487 1.40082 0.0145247 -0.00856477 0.89877 0.438096
1481443081.499206378 0.618243 1.26194 1.42096 0.0144565 -0.00804585 0.898815 0.438015
1481443081.548116447 0.585857 1.28028 1.41131 0.0146694 -0.00813007 0.899117 0.437386
1481443081.648645514 0.595407 1.28829 1.41045 0.0150343 -0.00718041 0.899787 0.436011
1481443081.698224719 0.651184 1.18932 1.3844 0.0151705 -0.00701137 0.89984 0.4359
1481443081.773342932 0.720582 1.26416 1.40601 0.0152573 -0.00736039 0.89988 0.435808
1481443081.823703787 0.729105 1.26311 1.40934 0.015078 -0.00732081 0.900265 0.43502
1481443081.923753622 0.690047 1.23296 1.42576 0.014914 -0.00678038 0.901545 0.432375
1481443081.973219177 0.725439 1.16505 1.40842 0.0146734 -0.0070584 0.901797 0.431853
1481443082.048290123 0.817034 1.26426 1.43761 0.0152803 -0.00762843 0.902538 0.430271
1481443082.098332300 0.829534 1.26256 1.44232 0.0155039 -0.00809208 0.902962 0.429364
1481443082.198376792 0.834711 1.26649 1.44352 0.0158113 -0.00801033 0.903522 0.428174
1481443082.250166470 0.874055 1.18926 1.4228 0.0160101 -0.00771599 0.903901 0.427371
1481443082.323925510 0.916008 1.2312 1.43611 0.0163816 -0.00769053 0.904587 0.425904
1481443082.373773565 0.890396 1.24448 1.42905 0.0161965 -0.00732587 0.904966 0.425112
1481443082.473345519 0.92892 1.27746 1.41752 0.0160415 -0.00763563 0.905366 0.424261
1481443082.524034392 0.972461 1.19077 1.39412 0.0166172 -0.00774741 0.905699 0.423524
1481443082.599116985 1.04068 1.25885 1.4142 0.0163573 -0.00854891 0.905783 0.423339
1481443082.648545333 1.05098 1.25718 1.41789 0.016561 -0.00934521 0.905763 0.423357
1481443082.748787398 1.05277 1.25871 1.41873 0.0172021 -0.0100055 0.906211 0.422357
1481443082.798651695 1.08211 1.19467 1.40194 0.0170726 -0.00989784 0.906134 0.42253
1481443082.873193723 1.12547 1.23649 1.41508 0.0170748 -0.00963512 0.906015 0.422791
1481443082.924461507 1.13616 1.23354 1.41896 0.0173007 -0.00970219 0.905666 0.423529
1481443083.023227839 1.12696 1.2245 1.4261 0.0174202 -0.00968569 0.906093 0.422609
1481443083.073093766 1.14577 1.18121 1.41522 0.0173759 -0.00934656 0.906209 0.422368
1481443083.148993355 1.1981 1.23216 1.43098 0.0162142 -0.00914991 0.906349 0.42212
1481443083.198823574 1.26308 1.20687 1.45004 0.0166558 -0.00904854 0.90652 0.421737
1481443083.298482183 1.29053 1.23278 1.44153 0.0166657 -0.00927898 0.906859 0.421003
1481443083.348564464 1.31903 1.16499 1.42276 0.0167452 -0.0088948 0.907204 0.420264
1481443083.424208682 1.32824 1.17114 1.42625 0.0158739 -0.00819668 0.907784 0.419058
1481443083.473184588 1.30515 1.18118 1.42079 0.0157807 -0.00834153 0.908127 0.418315
1481443083.573298756 1.3559 1.23658 1.40027 0.015417 -0.00778683 0.908495 0.417539
1481443083.624614308 1.38249 1.17334 1.38294 0.0151658 -0.00808392 0.908456 0.417628
1481443083.698533019 1.44285 1.22819 1.39939 0.0152008 -0.0080072 0.908417 0.417712
1481443083.748000157 1.41155 1.24292 1.39208 0.0151605 -0.00809943 0.908293 0.417981
1481443083.848251688 1.40631 1.23857 1.39674 0.0144935 -0.00820422 0.90843 0.417706
1481443083.900543953 1.43154 1.17092 1.3795 0.0139967 -0.00846973 0.908019 0.418609
1481443083.973339753 1.45235 1.18784 1.38563 0.0130936 -0.00870066 0.906312 0.422317
1481443084.025603954 1.42688 1.19894 1.37998 0.0126157 -0.00922222 0.904912 0.425312
1481443084.123261231 1.43574 1.21028 1.37813 0.0126142 -0.00930403 0.903093 0.429159
1481443084.172957271 1.44694 1.18117 1.37099 0.0126477 -0.00902046 0.902717 0.429955
1481443084.248533317 1.48321 1.21405 1.38142 0.0127516 -0.009231 0.902308 0.430804
1481443084.301911296 1.46836 1.22132 1.37858 0.0126857 -0.00959313 0.901789 0.431884
1481443084.398396393 1.40605 1.14956 1.41062 0.0126506 -0.00954959 0.900434 0.434704
1481443084.447944943 1.43559 1.06585 1.38949 0.0121636 -0.0103375 0.89956 0.436505
1481443084.524335837 1.50577 1.12695 1.40856 0.0117416 -0.0110405 0.898014 0.439671
1481443084.573405215 1.48384 1.13873 1.40369 0.0115915 -0.0109044 0.897445 0.440839
1481443084.673243144 1.46457 1.11624 1.41565 0.0114435 -0.0109683 0.896585 0.442587
1481443084.723089141 1.48671 1.05475 1.39956 0.0113451 -0.0109452 0.895945 0.443885
1481443084.798415318 1.50619 1.06988 1.40547 0.011979 -0.0102819 0.895311 0.445161
1481443084.847873647 1.49062 1.0772 1.40221 0.012092 -0.0101705 0.894985 0.445817
1481443084.948233746 1.46625 1.04702 1.41701 0.0119463 -0.0101535 0.895066 0.445659
1481443084.998577644 1.48928 0.983627 1.40022 0.0119918 -0.0100657 0.89526 0.44527
1481443085.073014057 1.51376 1.00284 1.40747 0.0120184 -0.00980067 0.895519 0.444753
1481443085.122795133 1.50433 1.00788 1.40581 0.0119204 -0.0101056 0.895769 0.444244
1481443085.223088802 1.47251 0.966008 1.42454 0.0114908 -0.0111002 0.896241 0.443279
1481443085.273196404 1.50929 0.86684 1.39689 0.0115101 -0.0113993 0.896248 0.443257
1481443085.348224034 1.54535 0.893989 1.40665 0.0114905 -0.0113305 0.896311 0.443133
1481443085.397834013 1.50294 0.91494 1.39662 0.011226 -0.0117616 0.896638 0.442466
1481443085.497966472 1.47221 0.874352 1.41421 0.0118281 -0.0113132 0.897395 0.440925
1481443085.548212422 1.50735 0.781808 1.38807 0.0123852 -0.0107581 0.897975 0.439741
1481443085.623174051 1.5452 0.809998 1.39839 0.012664 -0.0106337 0.898707 0.438238
1481443085.674948645 1.49958 0.833325 1.38763 0.0128178 -0.010437 0.898966 0.437705
1481443085.773393416 1.46622 0.787747 1.40569 0.0123174 -0.0106346 0.899751 0.436101
1481443085.823795398 1.50255 0.694258 1.37896 0.0126267 -0.0101047 0.90006 0.435466
1481443085.898107126 1.5463 0.726444 1.39056 0.0128152 -0.00993581 0.90074 0.434056
1481443085.948458898 1.47125 0.765543 1.37262 0.0127453 -0.0101946 0.901239 0.433015
1481443086.048146321 1.43367 0.714853 1.39172 0.0135114 -0.0103775 0.902254 0.430868
1481443086.097638046 1.46751 0.630406 1.36752 0.0131006 -0.0105316 0.90252 0.43032
1481443086.172968567 1.54433 0.689539 1.38742 0.0130778 -0.0107689 0.902803 0.42972
1481443086.228544392 1.53019 0.699565 1.38483 0.0132808 -0.010908 0.903222 0.428829
1481443086.323130719 1.46414 0.597093 1.42026 0.0125094 -0.0110276 0.903295 0.428695
1481443086.372837607 1.49317 0.521685 1.39856 0.0122856 -0.0114656 0.902928 0.429462
1481443086.448544091 1.52046 0.540205 1.40621 0.0119811 -0.0118638 0.902466 0.430432
1481443086.499574997 1.49961 0.552563 1.40155 0.0119033 -0.0119025 0.902128 0.431139
1481443086.599227136 1.45883 0.487104 1.42489 0.012685 -0.0111472 0.901965 0.431479
1481443086.648159467 1.4892 0.413853 1.40227 0.0124981 -0.0115606 0.901675 0.43208
1481443086.724520870 1.51432 0.430178 1.40937 0.0123461 -0.01272 0.901138 0.433169
1481443086.772751474 1.49561 0.441753 1.40535 0.0127962 -0.0128757 0.90075 0.433958
1481443086.872927580 1.45335 0.371114 1.42893 0.0126434 -0.0128841 0.900172 0.435159
1481443086.923274037 1.48434 0.298912 1.40587 0.0128923 -0.013011 0.899973 0.43556
1481443086.998214528 1.50698 0.3127 1.41255 0.0131653 -0.0129871 0.899824 0.435861
1481443087.047941878 1.48659 0.325672 1.40802 0.0128835 -0.0127034 0.899541 0.436461
1481443087.147765523 1.44666 0.25633 1.43034 0.0124637 -0.0124685 0.899236 0.437109
1481443087.198699935 1.48081 0.180377 1.40496 0.0128537 -0.0119757 0.899237 0.437109
1481443087.272946431 1.50379 0.193616 1.41141 0.0124242 -0.0122153 0.899297 0.436991
1481443087.322810353 1.45326 0.225922 1.39916 0.0121604 -0.0117757 0.899595 0.436398
1481443087.422843327 1.40855 0.149389 1.42287 0.0117764 -0.0110614 0.899866 0.435868
1481443087.473133654 1.45205 0.0585766 1.39137 0.0120829 -0.0107316 0.899751 0.436104
1481443087.547698241 1.49905 0.0870787 1.40387 0.0120861 -0.0103997 0.899833 0.435943
1481443087.597970571 1.48035 0.100868 1.39984 0.012476 -0.0107809 0.900128 0.435313
1481443087.697907064 1.43796 0.0215184 1.42337 0.0122718 -0.0109383 0.900768 0.43399
1481443087.747615309 1.47201 -0.0489435 1.39838 0.0122575 -0.0114016 0.900836 0.433836
1481443087.823075757 1.49951 -0.0335572 1.4062 0.0121547 -0.0117219 0.900828 0.433848
1481443087.873172244 1.47194 -0.0139269 1.39985 0.0129067 -0.0115685 0.900819 0.433849
1481443087.973020286 1.4383 -0.0778056 1.4191 0.0128022 -0.0122595 0.900521 0.43445
1481443088.023379739 1.47238 -0.145289 1.39427 0.0136585 -0.0115845 0.900642 0.434194
1481443088.097754954 1.50329 -0.128262 1.40273 0.0134895 -0.0113024 0.900916 0.433636
1481443088.147967604 1.47793 -0.109502 1.39681 0.0136957 -0.0112895 0.901102 0.433244
1481443088.247869688 1.42133 -0.223097 1.42656 0.0137665 -0.0110688 0.901334 0.432764
1481443088.297960887 1.46595 -0.307678 1.39364 0.0141907 -0.0110635 0.901217 0.432995
1481443088.372850992 1.52024 -0.278249 1.40804 0.0135105 -0.0116104 0.90123 0.432975
1481443088.422586118 1.46347 -0.235016 1.39413 0.0135956 -0.0117263 0.901206 0.43302
1481443088.522981430 1.43283 -0.294755 1.41099 0.0137105 -0.011412 0.901516 0.432379
1481443088.574787958 1.46694 -0.356971 1.38655 0.0139281 -0.0112923 0.901604 0.432191
1481443088.648417142 1.49956 -0.340128 1.39552 0.0142707 -0.0115532 0.901554 0.432276
1481443088.697667854 1.46485 -0.313177 1.38738 0.0145257 -0.0114716 0.901509 0.432364
1481443088.797590817 1.43315 -0.378634 1.40487 0.0142024 -0.011412 0.901819 0.43173
1481443088.847589280 1.49004 -0.477183 1.36362 0.0145644 -0.0117432 0.901839 0.431667
1481443088.923035987 1.52119 -0.46355 1.37148 0.0151616 -0.0116001 0.902036 0.431238
1481443088.972858463 1.46651 -0.420535 1.35861 0.0154851 -0.0111593 0.902286 0.430715
1481443089.072715674 1.44998 -0.452505 1.36802 0.0161404 -0.0108892 0.902309 0.430651
1481443089.125207972 1.50673 -0.547533 1.32797 0.0161383 -0.0109319 0.902268 0.430735
1481443089.197729780 1.52041 -0.543783 1.33119 0.0161275 -0.011259 0.901894 0.431509
1481443089.248841774 1.4727 -0.505988 1.32054 0.0161998 -0.0111022 0.901724 0.431866
1481443089.348797443 1.44752 -0.559449 1.33366 0.0155581 -0.0115817 0.901723 0.43188
1481443089.397393311 1.47613 -0.60712 1.31435 0.015669 -0.0117651 0.901536 0.43226
1481443089.473271606 1.52853 -0.581025 1.32774 0.0157081 -0.0121142 0.901057 0.433246
1481443089.522381506 1.47532 -0.536988 1.31585 0.0157831 -0.0118479 0.900991 0.43339
1481443089.622748499 1.41174 -0.679955 1.34569 0.0150885 -0.012229 0.900548 0.434322
1481443089.672487654 1.44832 -0.740201 1.3209 0.0148637 -0.0124546 0.900355 0.434724
1481443089.750026396 1.50051 -0.715963 1.33392 0.0151287 -0.0131928 0.900598 0.434189
1481443089.797346680 1.47171 -0.690136 1.32762 0.0157624 -0.0127733 0.900707 0.433952
1481443089.897489088 1.44616 -0.749349 1.34111 0.0161309 -0.0123637 0.900733 0.433896
1481443089.947929947 1.4824 -0.804637 1.31637 0.0160773 -0.0120546 0.900905 0.433552
1481443090.024290629 1.5 -0.79829 1.32126 0.016299 -0.0120035 0.900783 0.433798
1481443090.072577204 1.48566 -0.785544 1.3185 0.0162944 -0.0122282 0.900407 0.434572
1481443090.172570456 1.45542 -0.860453 1.33481 0.0162938 -0.0119129 0.899811 0.435813
1481443090.222558463 1.48565 -0.905695 1.31426 0.0162707 -0.013126 0.899119 0.437204
1481443090.298326221 1.49805 -0.901684 1.31797 0.0163922 -0.0127733 0.898452 0.43858
1481443090.347433651 1.48671 -0.8913 1.316 0.0173028 -0.0119652 0.898092 0.439304
1481443090.447778446 1.45806 -0.963443 1.33102 0.0175468 -0.0130983 0.897421 0.440632
1481443090.497516739 1.50351 -1.02657 1.29984 0.0176529 -0.0130292 0.897246 0.440986
1481443090.572656789 1.54661 -1.0101 1.3103 0.0180466 -0.0137006 0.896935 0.441582
1481443090.622390155 1.47241 -0.942976 1.29371 0.018213 -0.0136978 0.896762 0.441927
1481443090.722425219 1.43085 -1.04284 1.31254 0.0189198 -0.0142103 0.896764 0.441876
1481443090.772499737 1.49206 -1.12362 1.27155 0.0192528 -0.0139089 0.896708 0.441985
1481443090.847460800 1.51462 -1.1174 1.27667 0.0196149 -0.0119841 0.89651 0.442426
1481443090.898314767 1.45092 -1.05845 1.26292 0.0196948 -0.0118836 0.896276 0.442899
1481443090.997644436 1.4183 -1.13773 1.2778 0.019068 -0.0111575 0.895589 0.444334
1481443091.047094264 1.47234 -1.20473 1.24328 0.0189056 -0.0114469 0.895362 0.44479
1481443091.122790855 1.51359 -1.19083 1.25281 0.0185832 -0.0110316 0.89533 0.444879
1481443091.173459231 1.45041 -1.13059 1.23952 0.0185532 -0.0113747 0.895366 0.444798
1481443091.272682758 1.41573 -1.21685 1.25441 0.0182103 -0.0108259 0.894946 0.445671
1481443091.322709595 1.46524 -1.27618 1.22365 0.0179726 -0.0109636 0.894811 0.445949
1481443091.397299354 1.54687 -1.24703 1.24189 0.0176537 -0.0113765 0.894932 0.445708
1481443091.447396062 1.46791 -1.17015 1.22537 0.0177075 -0.011357 0.895063 0.445443
1481443091.547282806 1.42907 -1.26775 1.24154 0.0189925 -0.00891543 0.894886 0.445801
1481443091.597339622 1.46459 -1.31102 1.21968 0.0201807 -0.00664011 0.894961 0.445637
1481443091.673295214 1.54944 -1.2807 1.23892 0.021505 -0.00332754 0.8953 0.444931
1481443091.722586407 1.44484 -1.17898 1.21689 0.0216683 -0.00284802 0.895484 0.444557
1481443091.822416976 1.39284 -1.30763 1.23698 0.0207695 -0.0030107 0.895338 0.444894
1481443091.872223062 1.42368 -1.34544 1.21848 0.0198408 -0.00294436 0.895109 0.445395
1481443091.947209147 1.54488 -1.30164 1.2459 0.0189811 -0.00271835 0.895221 0.44521
1481443091.997259769 1.44486 -1.20224 1.2247 0.0185775 -0.00239317 0.895742 0.444179
1481443092.097213113 1.41523 -1.27187 1.23693 0.0175974 -0.0025432 0.897034 0.441603
1481443092.147186939 1.43901 -1.30083 1.22272 0.0169519 -0.00317482 0.897205 0.441277
1481443092.222436483 1.49536 -1.28043 1.23612 0.0160179 -0.00411154 0.896725 0.442279
1481443092.272246519 1.40259 -1.18984 1.21652 0.0159063 -0.00452018 0.896337 0.443064
1481443092.372286871 1.36189 -1.28688 1.23238 0.016056 -0.00511936 0.895471 0.444801
1481443092.424615684 1.37036 -1.29978 1.22778 0.0163929 -0.00551718 0.894999 0.445732
1481443092.497103113 1.41199 -1.28418 1.23853 0.0166659 -0.00615926 0.894139 0.447436
1481443092.548853941 1.32441 -1.19738 1.21969 0.0168251 -0.00616746 0.893596 0.448514
1481443092.647757726 1.28006 -1.29978 1.23643 0.0178663 -0.00634938 0.892056 0.451528
1481443092.696839634 1.27714 -1.29912 1.23842 0.0179217 -0.00646233 0.891265 0.453082
1481443092.772470713 1.30882 -1.28663 1.24725 0.0187347 -0.00719174 0.889819 0.455872
1481443092.822825579 1.21978 -1.19656 1.22737 0.0192703 -0.00680426 0.889432 0.456611
1481443092.922224759 1.17264 -1.29915 1.24396 0.0186229 -0.00697126 0.888862 0.457743
1481443092.972021689 1.13962 -1.27272 1.26233 0.0176494 -0.00685772 0.888574 0.458343
1481443093.047807465 1.14401 -1.27005 1.26552 0.0169752 -0.00666076 0.88874 0.458049
1481443093.097191784 1.08486 -1.20866 1.25182 0.0168805 -0.00673092 0.888671 0.458185
1481443093.197237118 1.02792 -1.32849 1.27151 0.0163709 -0.00641366 0.889095 0.457385
1481443093.246980711 0.99383 -1.30447 1.28975 0.0159414 -0.00616178 0.889468 0.456677
1481443093.325942883 1.05048 -1.27944 1.30732 0.0148937 -0.00643722 0.890018 0.455636
1481443093.372218679 0.959345 -1.18047 1.28431 0.0144104 -0.00587071 0.890668 0.454387
1481443093.472247999 0.908478 -1.27648 1.30216 0.0136443 -0.0055079 0.891595 0.452595
1481443093.523140921 0.874061 -1.25205 1.32017 0.0134673 -0.00526982 0.892499 0.450817
1481443093.597090702 0.867109 -1.25407 1.32079 0.0136358 -0.00587385 0.892657 0.450491
1481443093.647294305 0.805453 -1.18645 1.30461 0.0138496 -0.005884 0.89276 0.450282
1481443093.747097843 0.761145 -1.26582 1.31995 0.0136333 -0.00497904 0.893137 0.44955
1481443093.797178813 0.761476 -1.26783 1.32018 0.0144547 -0.00412004 0.893299 0.449212
1481443093.873518396 0.743498 -1.27626 1.3163 0.0144078 -0.00404725 0.893018 0.449772
1481443093.922368866 0.666978 -1.18962 1.29528 0.0143987 -0.00279753 0.892721 0.450371
1481443094.022271073 0.601069 -1.30163 1.31486 0.0133238 -0.00304963 0.892202 0.451429
1481443094.071772896 0.605601 -1.30936 1.31326 0.0141938 -0.00410231 0.891702 0.452382
1481443094.147283032 0.574978 -1.32432 1.30603 0.0143822 -0.00463162 0.891792 0.452194
1481443094.197009156 0.488906 -1.22159 1.28154 0.0146446 -0.0058832 0.891671 0.45241
1481443094.297434384 0.441918 -1.29324 1.29482 0.0157038 -0.00603359 0.89156 0.452591
1481443094.348718088 0.419463 -1.28128 1.30472 0.0156627 -0.00614015 0.891784 0.452149
1481443094.427125566 0.432658 -1.27402 1.31115 0.0165779 -0.00535613 0.892596 0.45052
1481443094.471737677 0.361903 -1.18509 1.29003 0.0172037 -0.00516598 0.892653 0.450387
1481443094.572065003 0.308382 -1.26427 1.30456 0.0175654 -0.00678721 0.892379 0.450893
1481443094.622142021 0.277589 -1.24767 1.31729 0.017863 -0.00560863 0.892058 0.451534
1481443094.697831578 0.254937 -1.25878 1.31152 0.0170379 -0.00293732 0.892172 0.451366
1481443094.748960097 0.194032 -1.18009 1.29247 0.0175502 -0.00432774 0.891708 0.45225
1481443094.847637837 0.114834 -1.29337 1.3126 0.0185056 -0.00493938 0.891244 0.45312
1481443094.897692482 0.111905 -1.29408 1.314 0.0186432 -0.0047116 0.89088 0.453831
1481443094.972673953 0.130131 -1.28426 1.32194 0.0185386 -0.00451662 0.889896 0.455763
1481443095.021741961 0.058275 -1.18471 1.29792 0.0184127 -0.00505219 0.889424 0.456684
1481443095.122343234 -0.0322822 -1.30737 1.31928 0.0175886 -0.00557818 0.887816 0.459829
1481443095.173025907 -0.0536967 -1.30053 1.32722 0.0173811 -0.00594735 0.886769 0.461848
1481443095.246881455 -0.0616056 -1.30485 1.32647 0.0171182 -0.00575453 0.885754 0.463804
1481443095.297038141 -0.114268 -1.22783 1.30809 0.0169843 -0.00548128 0.885389 0.464508
1481443095.396858699 -0.178343 -1.31077 1.32368 0.0169856 -0.00771352 0.885582 0.464108
1481443095.447723636 -0.25387 -1.27403 1.34986 0.0181997 -0.00796025 0.885693 0.463846
1481443095.522954073 -0.225173 -1.25364 1.36487 0.0181391 -0.00996287 0.885927 0.463363
1481443095.577205510 -0.279778 -1.16806 1.34404 0.0191386 -0.00978909 0.885927 0.463326
1481443095.672648723 -0.349276 -1.2519 1.36023 0.0183411 -0.0112549 0.885239 0.464639
1481443095.723140038 -0.388936 -1.23477 1.37399 0.0186067 -0.0119322 0.884759 0.465523
1481443095.796681360 -0.421335 -1.25572 1.36249 0.0179845 -0.00959994 0.884672 0.465769
1481443095.848530211 -0.468272 -1.18037 1.34312 0.0180925 -0.00960566 0.884644 0.465817
1481443095.947308768 -0.5148 -1.233 1.35503 0.0184513 -0.00996015 0.884837 0.46543
1481443095.996399554 -0.545343 -1.21988 1.3655 0.0185177 -0.0108568 0.884579 0.465896
1481443096.073797488 -0.54981 -1.2225 1.36541 0.0182441 -0.0112509 0.884298 0.46643
1481443096.121440577 -0.588003 -1.15692 1.34873 0.0193125 -0.0121776 0.884113 0.466715
1481443096.223305770 -0.656445 -1.23301 1.36438 0.018907 -0.0142315 0.883858 0.467156
1481443096.272666522 -0.698142 -1.21599 1.37766 0.0185394 -0.0139215 0.883793 0.467303
1481443096.347530991 -0.703748 -1.21911 1.37755 0.0191598 -0.0143284 0.883992 0.466889
1481443096.396474104 -0.744474 -1.14455 1.35846 0.0201566 -0.0143862 0.88381 0.467191
1481443096.496841974 -0.812772 -1.21701 1.37384 0.0215364 -0.0141362 0.883312 0.468077
1481443096.546412588 -0.841202 -1.20671 1.38306 0.0219891 -0.0145152 0.883102 0.46844
1481443096.623873489 -0.792051 -1.16507 1.41163 0.0223788 -0.0140955 0.882815 0.468975
1481443096.674128411 -0.827912 -1.09336 1.39368 0.022197 -0.0141142 0.882485 0.469605
1481443096.771825477 -0.942789 -1.21299 1.41755 0.0223509 -0.0144351 0.882476 0.469604
1481443096.824535244 -0.987105 -1.19801 1.43104 0.0230811 -0.0146554 0.881675 0.471065
1481443096.896831124 -0.986118 -1.19635 1.43301 0.0230646 -0.013873 0.881409 0.471586
1481443096.947171620 -1.03247 -1.0995 1.40663 0.0231805 -0.0148594 0.881336 0.471688
1481443097.046935747 -1.11633 -1.18075 1.42451 0.0227577 -0.0153088 0.882318 0.469854
1481443097.096414722 -1.13314 -1.1768 1.4301 0.0221163 -0.015196 0.882988 0.468629
1481443097.172789823 -1.14359 -1.18669 1.42578 0.0218116 -0.0150455 0.883712 0.467279
1481443097.225607548 -1.17122 -1.12531 1.40918 0.0215897 -0.0147444 0.884065 0.466632
1481443097.324241931 -1.24029 -1.19117 1.42345 0.0210719 -0.014828 0.885284 0.464336
1481443097.371823253 -1.27589 -1.17882 1.43392 0.019659 -0.0148644 0.885694 0.463614
1481443097.446679002 -1.29954 -1.20272 1.4202 0.0200122 -0.0158612 0.885757 0.463447
1481443097.496902209 -1.34613 -1.08959 1.3889 0.0195209 -0.0153285 0.886165 0.462705
1481443097.596873671 -1.39703 -1.13316 1.39944 0.0188674 -0.015142 0.887126 0.460893
1481443097.648465074 -1.38205 -1.14132 1.39619 0.0191944 -0.0144855 0.887607 0.459974
1481443097.723346375 -1.46868 -1.24182 1.33585 0.0183539 -0.0142849 0.887993 0.459268
1481443097.771355824 -1.51712 -1.11738 1.30225 0.018223 -0.0142091 0.888358 0.45857
1481443097.872058370 -1.50914 -1.1055 1.30284 0.0176137 -0.0134437 0.889683 0.456041
1481443097.926116226 -1.50155 -1.10819 1.30219 0.0177377 -0.0134722 0.890138 0.455146
1481443097.996812755 -1.52425 -1.13739 1.28754 0.0180116 -0.0132701 0.890678 0.454084
1481443098.046639765 -1.54233 -1.08947 1.27563 0.0185034 -0.0128272 0.890646 0.45414
1481443098.146414576 -1.56813 -1.11106 1.28166 0.0188726 -0.0127155 0.889182 0.456987
1481443098.196765245 -1.57843 -1.1077 1.28485 0.0188539 -0.012644 0.88822 0.458857
1481443098.273611432 -1.54601 -1.06431 1.31041 0.0191679 -0.0114073 0.88753 0.46021
1481443098.321283073 -1.5488 -1.05263 1.30911 0.0192887 -0.0107488 0.887572 0.46014
1481443098.421363372 -1.5355 -1.0405 1.31011 0.0198956 -0.00874416 0.888056 0.459222
1481443098.472172215 -1.56374 -1.02781 1.31772 0.020343 -0.00764738 0.88825 0.458845
1481443098.546521147 -1.54645 -1.00288 1.33281 0.020903 -0.00644555 0.888951 0.45748
1481443098.596373691 -1.56279 -0.955769 1.32144 0.0214803 -0.00519231 0.889747 0.455918
1481443098.696463346 -1.54531 -0.939048 1.32136 0.021832 -0.0044439 0.891685 0.452108
1481443098.746013485 -1.53738 -0.941928 1.3204 0.0215254 -0.0046088 0.892426 0.450656
1481443098.821430335 -1.52001 -0.918076 1.33437 0.021997 -0.00491601 0.892359 0.450762
1481443098.871130303 -1.55211 -0.83118 1.31162 0.0219016 -0.00449297 0.892485 0.450523
1481443098.971247883 -1.60624 -0.873779 1.32196 0.0219436 -0.00365643 0.892835 0.449835
1481443099.021096058 -1.58076 -0.887432 1.3168 0.022541 -0.00214309 0.892782 0.44992
1481443099.097614245 -1.5239 -0.804717 1.36041 0.0233564 -0.000916992 0.892927 0.449595
1481443099.145978579 -1.55972 -0.705803 1.3341 0.0230256 -0.00159046 0.892318 0.450818
1481443099.246158294 -1.54313 -0.688883 1.33393 0.0217494 -0.0028825 0.892087 0.451331
1481443099.296226298 -1.54364 -0.68827 1.33451 0.02103 -0.00263776 0.891944 0.45165
1481443099.372206026 -1.51702 -0.645977 1.35606 0.0198655 -0.00423579 0.892108 0.451366
1481443099.421109170 -1.55583 -0.547541 1.32785 0.0190567 -0.00508808 0.892052 0.451502
1481443099.521840308 -1.54613 -0.535849 1.32743 0.019199 -0.00552064 0.892633 0.450341
1481443099.571110144 -1.57158 -0.521545 1.3341 0.0190154 -0.00663308 0.892825 0.449953
1481443099.646514504 -1.54129 -0.467423 1.3591 0.0185728 -0.00773391 0.893069 0.449469
1481443099.695849400 -1.56695 -0.402951 1.34031 0.0182665 -0.00676312 0.893051 0.449534
1481443099.796207327 -1.54621 -0.385355 1.33952 0.018267 -0.00735466 0.893269 0.449091
1481443099.846021607 -1.54472 -0.385757 1.33961 0.0178735 -0.00776176 0.893462 0.448715
1481443099.921359623 -1.51479 -0.332302 1.36357 0.0178893 -0.00768597 0.893953 0.447738
1481443099.974197094 -1.5525 -0.244427 1.33613 0.0174747 -0.00860329 0.89444 0.446763
1481443100.071133684 -1.57702 -0.25881 1.34137 0.0166263 -0.0086301 0.894479 0.446717
1481443100.121452308 -1.56249 -0.268331 1.3385 0.0173806 -0.00887341 0.894064 0.447515
1481443100.196180287 -1.51837 -0.185655 1.37311 0.0190033 -0.00798259 0.894175 0.447244
1481443100.245944518 -1.55835 -0.0947994 1.34365 0.019469 -0.00771627 0.893843 0.44789
1481443100.346301468 -1.58162 -0.107451 1.34923 0.0202983 -0.00713178 0.893852 0.447846
1481443100.395647469 -1.53735 -0.13621 1.33938 0.0204911 -0.00613815 0.894136 0.447284
1481443100.471101779 -1.49274 -0.052213 1.37283 0.020977 -0.00353599 0.894758 0.446044
1481443100.521130183 -1.51138 -0.00930015 1.3597 0.0206681 -0.0022098 0.894892 0.445798
1481443100.621248033 -1.56858 -0.0459013 1.3711 0.0194522 -0.00368913 0.894115 0.447399
1481443100.670704729 -1.56592 -0.0487651 1.3708 0.0193044 -0.00256144 0.893669 0.448303
1481443100.746499184 -1.49923 0.0882362 1.42478 0.0192332 -0.00209653 0.893085 0.449471
1481443100.795886650 -1.5156 0.127604 1.41276 0.0195218 -0.00309487 0.892835 0.44995
1481443100.896058755 -1.56107 0.0998778 1.42301 0.0205109 -0.00371163 0.892199 0.451162
1481443100.946026893 -1.56214 0.0996745 1.42357 0.0209821 -0.00256419 0.892151 0.451243
1481443101.022517799 -1.50369 0.225445 1.47277 0.0206734 -0.00311932 0.891826 0.451895
1481443101.070765266 -1.58336 0.379709 1.40829 0.0208748 -0.0031927 0.891639 0.452253
1481443101.170977330 -1.63473 0.355734 1.4181 0.0188853 -0.00393339 0.8918 0.452019
1481443101.220668333 -1.56712 0.304982 1.40196 0.018988 -0.00460958 0.891709 0.452188
1481443101.296582569 -1.52142 0.404043 1.43866 0.0193448 -0.00495445 0.891596 0.452391
1481443101.346193852 -1.58142 0.514496 1.39126 0.0193762 -0.00542569 0.890781 0.453988
1481443101.445783910 -1.59612 0.510321 1.39539 0.0193616 -0.00386975 0.889231 0.457032
1481443101.496182422 -1.55049 0.474989 1.38492 0.0197239 -0.0034613 0.888614 0.458219
1481443101.571470790 -1.51679 0.551244 1.41153 0.019254 -0.00407346 0.888155 0.459123
1481443101.620982933 -1.56136 0.62861 1.37733 0.0193657 -0.00383858 0.888043 0.459336
1481443101.721440523 -1.54722 0.63886 1.37694 0.0204791 -0.00388637 0.886725 0.461827
1481443101.770707536 -1.54224 0.635448 1.37654 0.0209062 -0.0035573 0.885821 0.463542
1481443101.897446041 -1.57752 0.6931 1.35284 0.0217813 -0.00403871 0.884105 0.466763
1481443101.997551926 -1.59926 0.684226 1.35934 0.021345 -0.00417562 0.882243 0.470291
1481443102.045630051 -1.60056 0.684918 1.36004 0.021509 -0.00394102 0.881154 0.472324
1481443102.170897171 -1.65827 0.780398 1.31826 0.0222117 -0.00454852 0.879673 0.475038
1481443102.270989771 -1.53395 0.843057 1.30182 0.0220424 -0.00433064 0.879889 0.474647
1481443102.320704686 -1.53124 0.843261 1.30183 0.0215474 -0.00431988 0.880054 0.474365
1481443102.445842902 -1.66264 1.03678 1.2124 0.021111 -0.00487648 0.880524 0.473507
1481443102.545746060 -1.59613 1.07179 1.20477 0.0206477 -0.0044974 0.881265 0.47215
1481443102.595466135 -1.53916 1.02402 1.19373 0.0203794 -0.00439323 0.881443 0.47183
1481443102.670771488 -1.49897 1.12885 1.21978 0.0205065 -0.00544577 0.880884 0.472857
1481443102.720634511 -1.49952 1.13178 1.21981 0.0208324 -0.00517851 0.880586 0.4734
1481443102.820556374 -1.55694 1.1081 1.22971 0.0191092 -0.00702059 0.879582 0.475312
1481443102.870588980 -1.54691 1.09683 1.22818 0.018836 -0.00760025 0.879019 0.476354
1481443102.945948020 -1.5029 1.22 1.25915 0.0181898 -0.00839058 0.878558 0.477216
1481443102.995626218 -1.49977 1.21887 1.26163 0.0185776 -0.00865764 0.877856 0.478485
1481443103.095470066 -1.5447 1.20114 1.27059 0.0186377 -0.00868928 0.876945 0.480151
1481443103.146111866 -1.51102 1.16816 1.26378 0.0188044 -0.00859004 0.876276 0.481366
1481443103.220516096 -1.51318 1.15851 1.26299 0.0187864 -0.00892811 0.874531 0.484523
1481443103.271217021 -1.53801 1.18894 1.24684 0.0190638 -0.00930873 0.873319 0.486686
1481443103.370718476 -1.48059 1.21288 1.24171 0.0196099 -0.00961452 0.872069 0.488895
1481443103.420419970 -1.45383 1.1899 1.2368 0.019306 -0.0101878 0.87128 0.490301
1481443103.497076923 -1.45058 1.19583 1.23989 0.0191759 -0.0103199 0.869695 0.493109
1481443103.546463097 -1.46451 1.21225 1.23184 0.0192056 -0.0106436 0.868983 0.494355
1481443103.645893199 -1.45126 1.21809 1.23312 0.0199492 -0.0117248 0.866842 0.498046
1481443103.695096281 -1.38728 1.15809 1.22002 0.0204479 -0.0121484 0.865537 0.50028
1481443103.770649071 -1.34286 1.2661 1.24705 0.0201375 -0.0126797 0.864337 0.502349
1481443103.820329454 -1.32105 1.24763 1.26093 0.020495 -0.0128226 0.863852 0.503165
1481443103.920488567 -1.28302 1.26236 1.25879 0.0214432 -0.0127058 0.863839 0.503151
1481443103.970066914 -1.22066 1.2016 1.245 0.0216862 -0.0128885 0.863833 0.503146
1481443104.045989587 -1.20373 1.23548 1.25439 0.0209828 -0.012788 0.864204 0.502542
1481443104.097240348 -1.17806 1.2117 1.26956 0.021027 -0.0126853 0.864683 0.501717
1481443104.195481901 -1.09917 1.24438 1.26122 0.0208942 -0.0122631 0.865577 0.500189
1481443104.245428371 -1.04978 1.19642 1.2501 0.0207654 -0.0126634 0.865842 0.499727
1481443104.320450953 -0.988654 1.32375 1.28164 0.0215282 -0.0128408 0.866756 0.498103
1481443104.370366759 -0.990859 1.3295 1.28114 0.0220635 -0.0121745 0.866796 0.498026
1481443104.470065332 -1.03146 1.31264 1.29033 0.0230342 -0.0119622 0.867446 0.496853
1481443104.520587943 -0.953952 1.22784 1.27105 0.0230011 -0.0119726 0.867581 0.496619
1481443104.595329270 -0.943525 1.24246 1.2762 0.0236123 -0.0115514 0.867815 0.496192
1481443104.646310671 -0.942962 1.24234 1.27687 0.0241708 -0.0110347 0.868269 0.495381
1481443104.745032818 -0.872924 1.27379 1.26797 0.0254139 -0.00993348 0.868605 0.494753
1481443104.795121537 -0.835856 1.23583 1.25932 0.0258999 -0.0103356 0.868685 0.49458
1481443104.870497351 -0.811296 1.28063 1.27127 0.0253333 -0.0101927 0.869421 0.493316
1481443104.919892999 -0.764034 1.24522 1.29403 0.02516 -0.0101819 0.869902 0.492478
1481443105.020117107 -0.704196 1.27153 1.28724 0.0246432 -0.0100379 0.869947 0.492426
1481443105.070213071 -0.690423 1.2582 1.2844 0.0243192 -0.00973261 0.869467 0.493296
1481443105.145382580 -0.663281 1.30718 1.29791 0.0242123 -0.0100865 0.869636 0.492995
1481443105.195598707 -0.617618 1.27606 1.31907 0.0238051 -0.0101609 0.869295 0.493615
1481443105.296118583 -0.581895 1.29164 1.31641 0.0231206 -0.0107845 0.868589 0.494876
1481443105.344763739 -0.525728 1.22597 1.30073 0.0229527 -0.0108856 0.868454 0.495118
1481443105.419942073 -0.4796 1.30008 1.32075 0.0225396 -0.011503 0.867732 0.496388
1481443105.470554696 -0.417722 1.26122 1.34777 0.0225989 -0.0110428 0.867296 0.497157
1481443105.569745322 -0.476344 1.22945 1.36369 0.0229762 -0.0106589 0.866471 0.498584
1481443105.619709518 -0.433524 1.17439 1.35076 0.0228944 -0.0104483 0.866114 0.499213
1481443105.697877932 -0.410285 1.20855 1.36162 0.0230207 -0.0114422 0.865124 0.500899
1481443105.745036842 -0.357417 1.17344 1.38494 0.0231047 -0.0118094 0.864738 0.501553
1481443105.845067730 -0.334388 1.18418 1.38371 0.0221534 -0.01205 0.864199 0.502517
1481443105.895546844 -0.339844 1.19206 1.38646 0.0229416 -0.0121567 0.864035 0.502762
1481443105.970021054 -0.291238 1.26903 1.40887 0.0235831 -0.011551 0.864581 0.501807
1481443106.019638449 -0.253886 1.24814 1.42568 0.023162 -0.011544 0.864881 0.50131
1481443106.119743781 -0.254992 1.24692 1.42784 0.0232106 -0.0113032 0.866301 0.498856
1481443106.169861771 -0.211586 1.19022 1.41301 0.0236062 -0.0112082 0.867603 0.496571
1481443106.244483204 -0.167925 1.25233 1.43178 0.023245 -0.0113603 0.869628 0.493029
1481443106.294662023 -0.123419 1.22742 1.4511 0.0231863 -0.0114567 0.871325 0.490024
1481443106.394648993 -0.169175 1.20005 1.46653 0.0228734 -0.011518 0.87395 0.485341
1481443106.449526185 -0.141257 1.1605 1.45664 0.0224535 -0.0117858 0.875508 0.482538
1481443106.519627689 -0.0870347 1.23714 1.48029 0.0223193 -0.011419 0.877803 0.478365
1481443106.569770179 -0.0524595 1.21938 1.49565 0.0223091 -0.0115353 0.879298 0.475609
1481443106.669976127 -0.0539041 1.21802 1.49778 0.0217687 -0.0118065 0.882706 0.469272
1481443106.719338311 -0.0282263 1.18246 1.48812 0.0215698 -0.0117093 0.884514 0.465867
1481443106.795345691 0.0041114 1.22591 1.50242 0.0213393 -0.0114314 0.886152 0.462762
1481443106.845052446 -0.0584724 1.26467 1.47706 0.0209398 -0.0111598 0.887232 0.460713
1481443106.944748801 -0.0366508 1.27919 1.47277 0.0200714 -0.0102651 0.888526 0.458272
1481443106.994310970 0.0422323 1.16928 1.44193 0.0200925 -0.00967144 0.888793 0.457765
1481443107.070189483 0.0789919 1.21328 1.45615 0.0198443 -0.0096265 0.888976 0.457423
1481443107.119481667 -0.0291217 1.27789 1.41451 0.0195443 -0.00957101 0.88922 0.456961
1481443107.219177183 -0.027876 1.28055 1.41465 0.0189155 -0.00972227 0.888611 0.458168
1481443107.272535153 0.0579488 1.1593 1.38248 0.0187925 -0.00979103 0.888086 0.45919
1481443107.345677754 0.0974787 1.20615 1.39676 0.0184431 -0.0103574 0.887927 0.459499
1481443107.394255081 0.0415244 1.24052 1.37671 0.0178207 -0.0110457 0.888179 0.459019
1481443107.494704007 -0.0178434 1.2072 1.39313 0.0178732 -0.0113617 0.889322 0.45679
1481443107.544816568 0.0531719 1.10481 1.36684 0.0177483 -0.0113337 0.889698 0.456064
1481443107.619688805 0.115101 1.18233 1.38951 0.0171946 -0.011148 0.889674 0.456137
1481443107.669548267 0.0673605 1.21351 1.37272 0.0174432 -0.0108387 0.88995 0.455596
1481443107.769393823 -0.0273607 1.15759 1.398 0.0176212 -0.0108292 0.891003 0.453526
1481443107.819536832 0.0452181 1.05244 1.37084 0.0174335 -0.0111338 0.891435 0.452675
1481443107.894293198 0.068088 1.0771 1.37925 0.0170067 -0.0115467 0.891605 0.452347
1481443107.943984665 0.0563711 1.08564 1.37565 0.0163612 -0.0115584 0.891398 0.452779
1481443108.044998101 -0.0480536 1.01835 1.40418 0.0146996 -0.0121946 0.890823 0.453949
1481443108.094053962 0.0429586 0.892465 1.3702 0.0139872 -0.0124373 0.890911 0.453792
1481443108.170919716 0.0930103 0.949516 1.38813 0.0129189 -0.013365 0.891099 0.453428
1481443108.219944955 0.0569064 0.976156 1.37543 0.0131059 -0.0138074 0.891066 0.453474
1481443108.320100417 -0.0525917 0.902373 1.40501 0.0125362 -0.0138368 0.891625 0.452389
1481443108.368869514 0.040223 0.777534 1.37033 0.0123946 -0.0139204 0.891733 0.452177
1481443108.446296265 0.111496 0.859109 1.39613 0.0127587 -0.0141282 0.892216 0.451207
1481443108.494141109 0.0744292 0.888477 1.38303 0.012658 -0.0135296 0.892659 0.450352
1481443108.594266568 -0.00809829 0.830526 1.40561 0.0133067 -0.014349 0.893446 0.448745
1481443108.644621017 0.0899224 0.700858 1.36849 0.012984 -0.0144779 0.894336 0.446972
1481443108.719411874 0.0887614 0.692427 1.36754 0.0132217 -0.0143315 0.895583 0.444468
1481443108.768646865 0.0498632 0.721386 1.35433 0.0132281 -0.0143472 0.896315 0.442988
1481443108.868743742 -0.0411897 0.652816 1.37801 0.0147764 -0.0138948 0.896843 0.441884
1481443108.919668829 0.0243927 0.568924 1.35396 0.0144023 -0.0135686 0.896952 0.441686
1481443108.994206297 0.0425742 0.585623 1.36098 0.013737 -0.0122224 0.897355 0.440926
1481443109.043775704 0.0173632 0.60662 1.3524 0.0125743 -0.012191 0.897747 0.440163
1481443109.144561056 -0.0726398 0.535907 1.37606 0.0126609 -0.0129493 0.897846 0.439938
1481443109.194244065 0.038518 0.402982 1.33579 0.0127413 -0.0118993 0.898002 0.439645
1481443109.269037030 0.0631266 0.423057 1.34418 0.0116679 -0.0117908 0.897288 0.441134
1481443109.318435995 0.0445523 0.43995 1.33822 0.0122366 -0.0106919 0.896677 0.442386
1481443109.419865264 -0.0291984 0.377042 1.35768 0.0120553 -0.010949 0.895411 0.444943
1481443109.468678398 0.0258881 0.311432 1.33802 0.0129156 -0.0110272 0.895129 0.445484
1481443109.544772917 0.0239824 0.306639 1.33765 0.0131436 -0.010775 0.894561 0.446622
1481443109.595564306 0.0245545 0.306056 1.33829 0.013863 -0.0111899 0.89406 0.447593
1481443109.693764920 -0.101909 0.191497 1.37041 0.0134279 -0.010708 0.894028 0.447682
1481443109.743861919 -0.0230941 0.103354 1.3423 0.0137241 -0.010939 0.894167 0.447389
1481443109.818901114 0.0304029 0.154036 1.3617 0.0130682 -0.0109828 0.893945 0.447851
1481443109.873773438 -0.0445903 0.227573 1.335 0.0131473 -0.0109839 0.893729 0.44828
1481443109.968955838 -0.154804 0.131266 1.36127 0.0130703 -0.0105397 0.893698 0.448354
1481443110.018702660 -0.0619981 0.0331822 1.32899 0.0128923 -0.0106963 0.893789 0.448175
1481443110.094186688 -0.0238654 0.0667946 1.34285 0.0132219 -0.0103302 0.893875 0.448003
1481443110.145521932 -0.0520299 0.0967342 1.33317 0.0132234 -0.0104323 0.89364 0.448469
1481443110.244382539 -0.102265 0.0504018 1.3467 0.0138548 -0.00991893 0.893721 0.4483
1481443110.295462226 -0.046173 -0.0075444 1.32762 0.0141013 -0.00934804 0.893416 0.448912
1481443110.369269275 -0.0300985 0.0053267 1.33386 0.0144328 -0.00867223 0.893012 0.449717
1481443110.417966156 -0.0684312 0.0448996 1.32056 0.0146886 -0.00805195 0.892883 0.449977
1481443110.518479486 -0.106572 0.010285 1.3312 0.0163413 -0.0057172 0.892897 0.449929
1481443110.568799983 -0.0266896 -0.0692021 1.30415 0.017674 -0.00384464 0.892779 0.450131
1481443110.645387449 0.000373264 -0.047194 1.3138 0.0189429 -0.0016527 0.892548 0.450551
1481443110.693338201 -0.0642194 0.019889 1.29156 0.0193634 -0.00102914 0.892373 0.450881
1481443110.794278128 -0.094739 -0.00599721 1.29988 0.0190733 -0.000988748 0.892375 0.450891
1481443110.849481296 -0.0568634 -0.0442546 1.28792 0.0185193 -0.000937283 0.892127 0.451405
1481443110.918960210 0.0020893 0.012629 1.30935 0.0186926 -0.0010839 0.892014 0.45162
1481443110.972461953 -0.00793599 0.0259743 1.30666 0.01855 -0.00107002 0.89197 0.451712
1481443111.082948355 -0.0727852 -0.0375249 1.32422 0.0185621 -0.00104922 0.891906 0.451838
1481443111.120380011 -0.0602191 -0.0533189 1.32018 0.0185876 -0.000999363 0.891906 0.451838
1481443111.195351165 -0.00376468 0.00239674 1.34206 0.018233 -0.000863076 0.891889 0.451886
1481443111.245946007 -0.051446 0.0534063 1.32547 0.018283 -0.000945811 0.891826 0.452008
1481443111.345283120 -0.106279 0.00317131 1.3397 0.0178872 -0.000812808 0.891745 0.452184
1481443111.394209583 -0.0567498 -0.0477487 1.32293 0.0178415 -0.000786789 0.891702 0.45227
1481443111.475217776 -0.00257826 0.00359124 1.34354 0.0177764 -0.00080017 0.891639 0.452398
1481443111.521797946 -0.0492286 0.0533288 1.32719 0.0175188 -0.00077846 0.891619 0.452446
1481443111.617973624 -0.103527 0.00357305 1.34117 0.017576 -0.000775577 0.891471 0.452737
1481443111.667594794 -0.0521216 -0.0491798 1.32371 0.0175413 -0.000761075 0.891278 0.453118
1481443111.742624879 0.000570829 0.000474131 1.34346 0.0173894 -0.000844382 0.891063 0.453546
1481443111.793796758 -0.0230454 0.0270938 1.33563 0.0173632 -0.000786125 0.890994 0.453682
1481443111.892906788 -0.105102 -0.0521824 1.35671 0.0172972 -0.000722746 0.89089 0.45389
1481443111.943391208 -0.0760815 -0.084297 1.34694 0.0172378 -0.000739637 0.890804 0.45406
1481443112.017746864 0.00093614 -0.00932865 1.37682 0.0172361 -0.00072889 0.890804 0.45406
1481443112.067539115 -0.0604066 0.0566635 1.35453 0.017187 -0.000708885 0.890682 0.454301
1481443112.167579619 -0.107314 0.0150956 1.3672 0.0171871 -0.000725646 0.890551 0.454558
1481443112.217413174 -0.0434456 -0.0494781 1.34487 0.0171714 -0.000770251 0.890507 0.454645
1481443112.293402746 0.00412139 -0.00580684 1.36278 0.0170619 -0.000765904 0.890444 0.454771
1481443112.342584184 -0.0535164 0.0545448 1.34214 0.016992 -0.000784311 0.890402 0.454857
1481443112.442655956 -0.104144 0.00903166 1.35557 0.017014 -0.000760767 0.890168 0.455315
1481443112.493428684 -0.0466746 -0.0494481 1.33577 0.0170007 -0.000702645 0.88995 0.455741
